           1          2
           1          18
           2          16
           2          17
           2          18
           3          16
           4          13
           4          14
           4          15
           4          16
           5           8
           5          12
           5          13
           5          14
           6          13
           7          13
           7          8
           8          11
           8          12
           8          13
           9          12
           9          13
          13          14
          17          18
