           1          25   9.51107883    
           1          57   6.56268215    
           1          58   5.16126823    
           1          59   4.46649694    
           1          60   8.05238247    
           1          61   8.96279240    
           1          62   8.81361675    
           2          56   8.30463791    
           2          57   5.50715780    
           2          58   5.82548285    
           2          59   6.10490704    
           2          60   8.78928280    
           2          87   7.74130487    
           2          88   9.53404999    
           3          26   9.19453526    
           3          27   9.24892235    
           3          55   7.01560688    
           3          56   5.59671497    
           3          57   4.42788315    
           3          58   6.80085993    
           3          59   8.62949657    
           3          86   8.61366367    
           3          87   5.84184885    
           3          88   6.91347599    
           3          89   8.55698299    
           3          90   9.07707024    
           3          93   9.01491165    
           4          27   9.68070602    
           4          54   8.69269943    
           4          55   5.75218678    
           4          56   5.30386496    
           4          57   6.48898602    
           4          58   8.34798527    
           4          77   7.65443420    
           4          78   8.16200447    
           4          79   9.65812302    
           4          85   7.11124420    
           4          86   5.73955679    
           4          87   4.76046801    
           4          88   6.67487383    
           4          89   9.76787853    
           5          27   9.79293823    
           5          28   9.57176971    
           5          53   6.95358992    
           5          54   5.94943810    
           5          55   4.58609200    
           5          56   6.24972677    
           5          57   9.07582855    
           5          76   8.95229816    
           5          77   5.91061306    
           5          78   5.62000418    
           5          79   8.38958836    
           5          85   7.58194494    
           5          86   5.95570421    
           5          87   6.91767597    
           5          88   7.76025677    
           6          13   9.66500854    
           6          16   9.61333942    
           6          52   8.55463314    
           6          53   5.85632610    
           6          54   5.24557686    
           6          55   6.07861090    
           6          56   7.23118210    
           6          68   9.11753559    
           6          69   8.57848167    
           6          74   6.97190094    
           6          75   7.74545002    
           6          76   5.89294386    
           6          77   4.27795076    
           6          78   5.49382305    
           6          79   9.05650520    
           6          85   8.93771553    
           6          86   8.70014095    
           7          10   8.78512859    
           7          13   8.25365925    
           7          16   9.66494179    
           7          51   9.35486603    
           7          52   5.76740885    
           7          53   4.75688410    
           7          54   6.28192616    
           7          55   8.80431747    
           7          69   9.81451130    
           7          73   8.84868336    
           7          74   5.96134901    
           7          75   5.76939678    
           7          76   5.48776007    
           7          77   6.09011412    
           7          78   6.38178396    
           8          11   7.87826300    
           8          12   6.46993780    
           8          13   5.13322306    
           8          14   8.88679123    
           8          15   9.20360470    
           8          16   7.17624998    
           8          17   9.38457394    
           8          51   9.14495754    
           8          52   5.32933617    
           8          53   6.26005983    
           8          54   7.17256212    
           8          71   9.44388199    
           8          72   9.01654530    
           8          73   5.60525894    
           8          74   4.28308105    
           8          75   5.44330406    
           8          76   7.38724709    
           8          77   9.11750603    
           9          12   5.29764795    
           9          13   6.42856884    
           9          14   9.84274387    
           9          15   9.51527500    
           9          16   8.81081009    
           9          52   7.08618402    
           9          53   9.47049522    
           9          72   9.01892281    
           9          73   5.30056000    
           9          74   5.92281199    
           9          75   6.08318281    
           9          76   9.38438129    
          10          13   6.39824200    
          10          14   9.51543808    
          10          51   7.82641792    
          10          52   5.74825191    
          10          53   9.22273827    
          10          73   8.16860485    
          10          74   9.22759819    
          10          75   9.65541267    
          11          14   7.10602188    
          11          15   8.30221367    
          11          16   9.69289589    
          11          51   9.48403931    
          11          52   8.06023598    
          11          73   8.28817081    
          12          15   5.06986618    
          12          16   6.34355879    
          12          17   8.68262672    
          12          52   9.04681206    
          12          72   7.82244396    
          12          73   4.72765017    
          12          74   7.69085693    
          13          16   5.03330898    
          13          17   6.10748196    
          13          18   8.75838757    
          13          19   9.80695248    
          13          29   8.90540981    
          13          51   9.52525043    
          13          52   6.92751312    
          13          53   8.03979588    
          13          54   7.41352510    
          13          72   8.89901447    
          13          73   5.91230106    
          13          74   7.17393923    
          13          75   9.95450115    
          14          17   4.80740690    
          14          18   6.17490196    
          14          19   8.45106125    
          14          20   9.74184132    
          14          29   9.32927799    
          14          54   9.50042820    
          14          72   9.68519020    
          14          73   7.91174603    
          14          74   9.95474339    
          15          18   5.32969379    
          15          19   6.00519419    
          15          20   8.55149174    
          15          21   9.99394608    
          15          71   8.67184639    
          15          72   6.41771698    
          15          73   5.79856396    
          15          74   8.68089962    
          16          19   5.05709124    
          16          20   6.08593988    
          16          21   8.54757023    
          16          27   9.34390640    
          16          54   8.83079433    
          16          68   9.58795929    
          16          70   9.80607605    
          16          71   6.00019598    
          16          72   5.41967392    
          16          73   4.78738499    
          16          74   5.93075800    
          16          75   9.74049854    
          17          20   5.34229088    
          17          21   6.07508516    
          17          22   8.58272266    
          17          25   9.19165516    
          17          26   8.58191395    
          17          27   6.28281593    
          17          28   8.11940956    
          17          29   8.61897945    
          17          54   7.94156408    
          17          55   9.32207203    
          17          56   8.82331467    
          17          71   8.96033287    
          17          72   9.07119942    
          17          73   8.50687599    
          17          74   9.11831379    
          18          21   5.04774809    
          18          22   5.83584404    
          18          23   8.56600571    
          18          25   9.68972683    
          18          26   9.75573254    
          18          27   8.77050400    
          18          71   9.61829376    
          18          72   9.20129395    
          18          73   9.87047482    
          19          22   5.66251278    
          19          23   7.07091999    
          19          25   9.17679310    
          19          68   9.55918312    
          19          70   9.96117210    
          19          71   6.44330502    
          19          72   6.57794094    
          19          73   8.55981255    
          19          74   9.76777554    
          20          23   5.44360113    
          20          24   7.41152620    
          20          25   5.49191904    
          20          26   7.22067213    
          20          27   7.32863092    
          20          56   8.33857346    
          20          57   9.68239594    
          20          58   9.52453709    
          20          67   9.88903236    
          20          68   7.67672682    
          20          71   6.99416304    
          20          72   8.80979633    
          20          74   9.97945023    
          21          24   6.44935179    
          21          25   5.19581890    
          21          26   5.62117910    
          21          27   6.62080717    
          21          56   9.30609512    
          21          57   9.84850502    
          22          25   7.66541290    
          22          26   9.12673855    
          23          26   8.49213409    
          23          58   9.80337620    
          23          63   8.96243954    
          24          57   8.99144840    
          24          58   7.16062403    
          24          59   9.23752022    
          24          62   8.29396915    
          24          63   7.94006395    
          25          56   6.77588797    
          25          57   5.73053408    
          25          58   5.09366179    
          25          59   8.42618656    
          25          62   9.56494713    
          25          63   8.26398373    
          25          68   9.16831589    
          26          55   8.55095291    
          26          56   5.83337498    
          26          57   5.08469296    
          26          58   6.86810780    
          27          54   7.14566612    
          27          55   5.68952990    
          27          56   4.57914495    
          27          57   6.33809519    
          27          58   9.08874989    
          28          31   9.80245876    
          28          53   9.39052105    
          28          54   6.03914022    
          28          55   5.00730801    
          28          56   6.46327019    
          28          57   8.61313248    
          28          93   9.46382999    
          28          96   9.88146877    
          28          97   9.66058731    
          29          48   7.05578089    
          29          49   7.64030313    
          29          50   7.87766123    
          29          51   9.43893909    
          29          52   9.15079498    
          29          53   7.24127483    
          29          54   5.11310291    
          29          55   6.37477493    
          29          56   9.11862755    
          29          96   9.37563610    
          29          97   9.58396053    
          30          47   8.93707180    
          30          48   5.95129395    
          30          49   5.40651703    
          30          50   7.42722321    
          30          53   9.42454433    
          30          54   8.33864021    
          30          55   8.99495602    
          30          93   9.84163094    
          30          96   6.70773411    
          30          97   6.51445293    
          31          46   7.28290606    
          31          47   5.77349806    
          31          48   4.31852484    
          31          49   4.68414879    
          31          50   8.00611496    
          31          96   8.78271866    
          31          97   8.02233315    
          32          45   8.53430080    
          32          46   5.87985611    
          32          47   5.51770210    
          32          48   6.13006783    
          32          49   5.33419418    
          32          50   9.14870453    
          32          96   9.71817398    
          32          97   9.21062088    
          33          36   8.72828674    
          33          43   9.63608646    
          33          44   6.18585205    
          33          45   5.52025604    
          33          46   4.24934387    
          33          47   6.16367817    
          33          48   8.65904713    
          33          49   8.64789486    
          34          37   9.35075092    
          34          42   9.06606770    
          34          43   7.72445107    
          34          44   5.27573299    
          34          45   5.49224710    
          34          46   6.66834593    
          34          47   8.27176666    
          35          38   9.02944660    
          35          41   9.27450371    
          35          42   5.44477987    
          35          43   5.00048113    
          35          44   4.33777905    
          35          45   6.17004824    
          35          46   8.98231888    
          36          39   9.50527000    
          36          41   8.20873547    
          36          42   5.21760702    
          36          43   5.58147097    
          36          44   6.40553999    
          36          45   6.07397509    
          36          46   9.26329422    
          37          40   6.31428289    
          37          41   5.24777699    
          37          42   4.13622284    
          37          43   6.23521185    
          37          44   8.85822868    
          37          45   8.72826481    
          38          41   6.15548420    
          38          42   6.11881113    
          38          43   6.48070478    
          38          44   9.36368942    
          38          45   8.34172058    
          39          42   7.70438004    
          39          43   8.95162487    
          40          43   9.91688156    
          42          45   8.64915180    
          43          46   9.33844852    
          44          47   9.84923267    
          46          49   9.15941048    
          47          50   8.46366596    
          47          51   8.71991444    
          48          51   6.30102587    
          48          52   8.78522778    
          48          53   9.33160686    
          49          52   9.57306957    
          49          53   9.07076740    
          49          96   8.34719276    
          49          97   9.64548683    
          50          53   5.96707916    
          50          54   8.31627083    
          51          54   9.00321770    
          52          74   9.55393410    
          52          75   9.99680042    
          53          74   9.56529999    
          53          77   9.49736500    
          53          78   8.62048626    
          54          74   9.18880653    
          54          77   9.50587940    
          54          78   9.75689697    
          55          77   9.63273430    
          55          78   9.97141647    
          55          87   9.52666759    
          55          88   9.21480560    
          55          93   9.02969933    
          56          59   9.93184853    
          56          68   9.29649639    
          56          77   9.85029697    
          56          87   9.81278324    
          58          61   8.92303562    
          58          62   7.44073200    
          58          63   6.88133001    
          58          64   8.98982716    
          58          65   9.26136684    
          58          68   9.09574032    
          59          62   5.30278778    
          59          63   6.00338888    
          59          64   7.47028303    
          59          65   8.53666401    
          60          63   5.15232277    
          60          64   4.51687002    
          60          65   5.86248112    
          60          66   9.14297676    
          60          67   9.30105782    
          60          68   9.14251900    
          61          64   6.36031008    
          61          65   9.12435532    
          62          65   9.67948055    
          63          66   8.49193192    
          63          67   6.50028086    
          63          68   7.14454699    
          64          67   5.21070290    
          64          68   6.54241514    
          64          69   8.87839127    
          64          70   9.93985176    
          65          68   5.05081320    
          65          69   6.29788303    
          65          70   8.71108913    
          65          77   8.89690685    
          65          85   9.68457317    
          66          69   4.92282009    
          66          70   6.18157911    
          66          71   8.99976730    
          66          76   9.88097477    
          66          77   9.96535110    
          67          70   4.95224810    
          67          71   6.85709095    
          68          71   5.46782589    
          68          72   9.30854416    
          68          74   8.32499027    
          68          76   8.91790485    
          68          77   8.61839390    
          69          72   8.61521816    
          69          73   9.49890614    
          69          74   6.53235102    
          69          75   7.10930490    
          69          76   5.98281717    
          69          77   7.04840899    
          70          73   8.80454063    
          70          74   7.35812807    
          70          75   8.55880833    
          70          76   8.99308872    
          71          74   5.47278786    
          71          75   8.31590557    
          71          76   9.34316254    
          72          75   8.65348244    
          73          76   9.66512108    
          74          77   8.20972157    
          75          78   9.42289639    
          76          79   8.61330223    
          76          85   9.42829609    
          77          80   9.72072887    
          77          83   9.80292416    
          77          84   9.09365368    
          77          85   6.02146578    
          77          86   7.50779200    
          78          81   9.23428154    
          78          83   9.67343712    
          78          84   8.70820904    
          78          85   5.80868721    
          78          86   5.82370377    
          78          87   9.21639729    
          79          82   7.26562023    
          79          83   6.46686602    
          79          84   5.56088686    
          79          85   4.19384003    
          79          86   5.22426796    
          79          87   9.03601837    
          80          83   7.47436714    
          80          84   5.71345806    
          80          85   5.76277304    
          80          86   5.33384514    
          80          87   8.58485126    
          81          84   5.79423809    
          81          85   7.69817400    
          81          86   8.78298283    
          82          85   9.15939903    
          83          86   9.80716705    
          84          87   9.08644104    
          85          88   9.85262203    
          86          89   9.78149605    
          87          90   9.60299969    
          88          91   8.37009239    
          88          92   6.32520723    
          88          93   6.96591091    
          89          92   5.37235212    
          89          93   6.49145412    
          89          94   8.84323025    
          90          93   5.02817583    
          90          94   6.12656593    
          90          95   8.67420197    
          90          96   9.96339321    
          91          94   5.07766819    
          91          95   6.06891584    
          91          96   8.52094078    
          92          95   5.31695986    
          92          96   6.16907883    
          92          97   9.13811684    
          93          96   5.38122606    
          93          97   7.17092323    
          94          97   5.67766714    
