          37         155   6.69542503    
          37         156   6.91521788    
          40         136   6.11067915    
          40         154   5.19498587    
          40         155   5.18368578    
          40         156   5.42781210    
          41         135   5.14988899    
          41         136   4.30939198    
          41         155   6.63060617    
          42         135   4.78046799    
          42         136   6.43214321    
          43         135   6.94989681    
         117         122   6.42966700    
         117         123   4.93793917    
         117         124   5.62431002    
         117         125   5.68586683    
         117         126   6.04734898    
         117         157   6.09611511    
         117         158   4.17159081    
         117         159   6.57098198    
         118         123   4.74568415    
         118         124   6.21576118    
         118         157   5.37703896    
         118         158   4.86391878    
         118         159   6.91309023    
         119         123   4.99763107    
         119         157   4.96990681    
         119         158   6.94748402    
         120         123   5.63124800    
         122         125   5.85543203    
         125         142   6.70231009    
         125         143   6.23998594    
         126         142   5.88771677    
         126         143   5.67287397    
         127         140   5.75401497    
         127         141   5.17784786    
         127         142   4.24114418    
         127         143   5.96147108    
         128         140   5.61902285    
         128         141   5.14467096    
         128         142   6.69519377    
         129         138   6.95231724    
         129         139   5.80809307    
         129         140   4.57492018    
         129         141   6.20793390    
         130         139   5.59512520    
         130         140   5.76934004    
         130         141   6.65523195    
         131         138   6.55705500    
         131         139   5.56835985    
         132         137   5.79420900    
         132         138   4.05677795    
         132         139   5.25595903    
         133         136   6.87281179    
         133         137   5.65442181    
         133         138   6.26908302    
         134         137   6.58775902    
         136         154   5.90882111    
         136         155   6.97509098    
         137         152   6.47799921    
         137         153   5.09756088    
         137         154   4.30875683    
         137         155   5.64021492    
         138         152   5.70734501    
         138         153   5.65712500    
         138         154   6.43524981    
         138         155   6.17041302    
         139         151   5.75894213    
         139         152   4.20128822    
         139         153   6.57422400    
         140         150   5.73805714    
         140         151   5.15748310    
         140         152   5.81525612    
         141         148   6.70784998    
         141         149   5.62179708    
         141         150   4.57499123    
         141         151   6.40953779    
         142         148   5.52367878    
         142         149   5.38419580    
         142         150   6.35550785    
         143         148   5.17814684    
         144         147   5.69004107    
         144         148   5.48661804    
         153         157   6.91956377    
         154         157   6.21359587    
         155         158   6.59957981    
