          49         134   5.75837612    
          50         134   4.50058985    
          50         135   6.59519005    
          50         137   6.59321880    
          50         138   5.86894321    
          51         134   5.58788109    
          51         135   6.54060221    
          80         146   6.75795078    
          88         145   6.18773508    
          92         121   6.70680809    
          95         125   6.90969992    
         114         117   5.63622808    
         114         118   6.09775305    
         115         118   5.07583523    
         115         119   5.89198017    
         116         119   5.64982414    
         116         120   5.77802992    
         117         120   5.25560808    
         117         121   6.09670115    
         118         121   5.39945698    
         118         122   6.06478500    
         119         122   4.93640900    
         119         123   6.06646681    
         120         123   5.64111423    
         120         124   6.58550215    
         121         124   5.15073776    
         121         125   6.19279099    
         121         144   6.89823723    
         122         125   5.18986082    
         122         126   5.99226618    
         123         126   5.27671719    
         123         127   6.69634295    
         124         127   5.43914986    
         124         128   6.45228004    
         124         140   6.37477779    
         124         144   6.33323717    
         125         128   4.69478607    
         125         129   6.11021280    
         126         129   5.39465094    
         126         130   6.34696722    
         127         130   4.90680695    
         127         131   6.28706217    
         128         131   5.64418793    
         128         137   4.70745611    
         128         140   6.49783707    
         131         136   6.57348108    
         131         137   6.35280609    
         133         136   5.94161510    
         133         137   6.72038603    
         134         137   4.78490400    
         134         138   5.97934294    
         135         138   4.98261881    
         135         139   6.37772083    
         136         139   5.12884808    
         136         140   6.26234388    
         137         140   5.01782322    
         137         141   6.08068991    
         138         141   5.04053688    
         138         142   6.00162983    
         139         142   5.20724392    
         139         143   5.99669790    
         140         143   5.21080780    
         140         144   6.14383602    
         141         144   5.07412720    
         141         145   6.09282207    
         142         145   4.95836020    
         142         146   5.96017599    
         143         146   5.03626585    
         143         147   6.26332378    
         144         147   5.26169491    
         144         148   6.12640715    
         145         148   5.06030321    
         145         149   5.94285011    
         146         149   5.34923601    
         146         150   6.10232878    
         147         150   5.12624884    
         147         151   6.05237913    
         148         151   4.98919582    
         148         152   6.06873798    
         149         152   4.96483278    
         149         153   6.05382013    
         150         153   5.07868814    
         150         154   6.14500618    
         151         154   5.13348722    
         151         155   6.11074018    
         152         155   5.16381502    
