           1          19       
           1          20       
           1          21       
           2          17       
           2          18       
           2          19       
           2          20       
           3          17       
           3          18       
           3          19       
           3          26       
           3          50       
           3          51       
           4          16       
           4          17       
           4          18       
           4          50       
           4          51       
           4          52       
           5          15       
           5          16       
           5          17       
           5          51       
           5          52       
           5          53       
           6          14       
           6          15       
           6          16       
           6          52       
           6          53       
           6          54       
           7          12       
           7          13       
           7          14       
           7          15       
           7          53       
           7          54       
           7          55       
           8          12       
           8          13       
           8          14       
           8          54       
           8          55       
           8          56       
           9          12       
           9          13       
           9          39       
           9          55       
           9          56       
          10          56       
          18          26       
          20          25       
          20          26       
          21          25       
          22          25       
          22          26       
          23          26       
          23          27       
          24          27       
          24          28       
          25          28       
          25          29       
          26          29       
          26          30       
          27          30       
          27          31       
          28          31       
          28          32       
          29          32       
          29          33       
          30          33       
          30          34       
          31          34       
          31          35       
          32          35       
          32          36       
          33          36       
          33          37       
          34          37       
          34          38       
          34          39       
          35          38       
          35          39       
          40          56       
          41          54       
          41          55       
          41          56       
          42          54       
          42          55       
          42          56       
          43          53       
          43          54       
          43          55       
          44          52       
          44          53       
          44          54       
          45          51       
          45          52       
          45          53       
          46          49       
          46          50       
          46          51       
          46          52       
          47          50       
