           1           6   
           3           6   
           4           7   
           4           8   
           5           8   
           5           9   
           6           9   
           6          10   
           7          10   
           7          11   
           8          11   
           8          12   
           8          39   
           9          12   
           9          13   
           9          38   
           9          39   
           9          42   
          10          13   
          10          14   
          11          14   
          11          15   
          12          15   
          12          16   
          12          39   
          12          42   
          12          43   
          13          16   
          13          17   
          13          33   
          13          34   
          13          42   
          14          17   
          14          18   
          15          18   
          15          19   
          16          19   
          16          20   
          16          42   
          16          43   
          16          46   
          17          20   
          17          21   
          17          30   
          17          33   
          18          21   
          18          22   
          19          22   
          19          23   
          20          23   
          20          24   
          20          25   
          20          30   
          21          24   
          21          25   
          25          29   
          26          29   
          26          30   
          27          30   
          27          31   
          28          31   
          28          32   
          29          32   
          29          33   
          30          33   
          30          34   
          31          34   
          31          35   
          32          35   
          32          36   
          33          36   
          33          42   
          33          45   
          33          46   
          36          41   
          36          42   
          37          41   
          37          42   
          38          41   
          38          42   
          39          42   
          39          43   
          40          43   
          40          44   
          41          44   
          41          45   
          42          45   
          42          46   
          43          46   
          43          47   
          44          47   
          44          48   
          45          48   
          45          49   
          46          49   
          46          50   
          47          50   
          47          51   
          48          51   
          48          52   
          49          52   
          49          53   
          50          53   
          52          55   
