1	14	6.122355
1	15	5.283302
1	47	6.216385
1	48	5.523158
2	13	5.702623
2	14	5.283299
2	15	6.285810
2	46	5.445490
2	47	4.387277
2	48	5.192805
3	11	6.442963
3	12	5.995157
3	13	4.423260
3	14	6.223813
3	45	5.536586
3	46	5.369715
3	47	6.445322
4	9	6.293844
4	10	5.035551
4	11	5.668474
4	12	5.567378
4	13	6.017291
4	44	6.067798
4	45	4.062867
5	10	4.540963
5	11	6.095697
5	44	5.493485
5	45	4.891891
6	10	4.924632
6	44	4.835103
7	10	5.611885
9	12	5.501653
14	27	6.234796
14	28	5.457314
14	29	4.522650
14	30	6.365464
15	27	5.557506
15	28	5.108025
16	19	6.318857
16	26	6.223014
16	27	4.492155
16	28	6.213845
17	26	5.367450
17	27	5.155705
17	28	6.327584
18	25	5.548843
18	26	4.696915
19	25	4.450562
19	26	6.166764
20	25	5.706238
21	24	5.509009
21	25	6.444297
23	41	5.795819
23	42	5.439557
24	40	5.690169
24	41	4.214495
24	42	5.022068
25	39	6.040248
25	40	5.510530
25	41	6.257252
25	42	6.358592
26	38	5.534195
26	39	4.349371
26	40	5.885192
27	37	5.732675
27	38	5.168827
27	39	6.460361
28	36	5.670870
28	37	4.462298
28	38	6.222855
29	35	5.643996
29	36	5.342237
29	37	6.359508
30	35	4.771628
31	34	5.658717
31	35	5.243359
41	44	5.688323
42	45	6.228557
