1	4	5.895033
1	5	6.840157
2	5	5.073415
2	6	6.123470
3	6	5.268557
3	7	5.875155
4	7	5.139132
4	8	6.092098
5	8	5.299476
5	9	6.047848
6	9	5.061135
6	10	5.992344
7	10	5.483406
7	11	6.129654
8	11	5.046557
8	12	6.161374
8	31	7.112566
9	12	5.287902
9	13	5.976317
10	13	5.067226
10	14	6.102044
11	14	5.255197
11	15	6.345191
11	27	6.575358
11	28	7.125598
11	31	6.079587
12	15	4.884047
12	16	6.142700
13	16	5.045158
13	17	6.108916
14	17	4.879729
14	18	6.255344
14	27	7.246519
15	18	5.583558
15	24	4.914833
15	27	6.406281
15	28	7.390943
18	23	6.521133
18	24	6.501718
20	23	5.755970
20	24	6.485330
21	24	4.906656
21	25	6.091670
22	25	5.168460
22	26	6.259688
23	26	5.014080
23	27	6.123379
24	27	5.152977
24	28	6.115743
25	28	4.984591
25	29	6.066712
26	29	5.132704
26	30	6.080081
27	30	5.021483
27	31	6.091714
28	31	5.042089
28	32	6.210341
29	32	5.035273
29	33	6.086580
30	33	4.941081
30	34	6.156701
31	34	5.107847
31	35	6.194403
32	35	5.063465
32	36	6.127572
33	36	5.057405
33	37	6.184760
34	37	5.059289
34	38	6.055696
35	38	4.990921
35	39	6.083066
36	39	5.059085
36	40	6.136441
37	40	5.043534
37	41	6.142221
38	41	5.142971
38	42	6.067056
39	42	5.165636
